31 32 33  0   0  0  0  41  42  43  0   0   1   0   0
34 35 36  0   1  0  0  44  45  46  0   0   0   0   0
37 38 39  0   0  0  0  0   0   0   0   0   0   1   0
0  0  0   0   0  0  0  701 702 703 704 705 706 707 0
61 62 63  64  0  0  0  708 709 710 711 712 713 714 0
65 66 67  68  0  1  0  715 716 717 718 719 720 721 0
0  0  0   0   0  0  0  722 723 724 725 726 727 728 0
31 32 33  1   0  0  0  729 730 731 732 733 734 735 0
34 35 36 41   42 43 0  736 737 738 739 740 741 742 0
37 38 39 44   45 46 0  0   0   0   0   0   0   21  22
0  0  1  0    0  21 22 0   0   501 502 503 0   23  24
0  0  0  0    0  23 24 0   0   504 505 506 0   0   0
1  0  0  0    0  0  0  0   0   507 508 509 1   0   0
21 22 0  0    21 22 0  0   0   510 511 512 1   0   0
23 24 0  0    23 24 0  0   1   513 514 515 0   0   0