701 702 703 704 705 706 707 1   1   1   1   1   31  32  33
708 709 710 711 712 713 714 1   0   0   0   0   34  35  36
715 716 717 718 719 720 721 1   1   0   1   1   37  38  39
722 723 724 725 726 727 728 1   0   0   1   0   21  22  1
729 730 731 732 733 734 735 1   0   0   1   0   23  24  1
736 737 738 739 740 741 742 1   0   0   1   0   1   0   1
0   0   1   0   0   0   0   0   0   501 502 503 0   21  22
0   0   0   0   0   0   1   21  22  504 505 506 0   23  24
1   0   0   0   0   0   0   23  24  507 508 509 1   1   1
21  22  0   0   21  22  0   0   0   510 511 512 1   1   1
23  24  0   0   23  24  0   0   1   513 514 515 1   1   1
31  32  33  0   0   1   0   41  42  43  0   0   0   0   0
34  35  36  0   1   0   0   44  45  46  0   0   0   1   0
37  38  39  0   0   0   1   0   0   0   0   61  62  63  64
1   1   1   1   1   1   0   0   0   0   0   65  66  67  68